-10 47.4067
-9.93311 46.5009
-9.86622 45.6052
-9.79933 44.7196
-9.73244 43.8439
-9.66555 42.9782
-9.59866 42.1224
-9.53177 41.2765
-9.46488 40.4404
-9.39799 39.614
-9.3311 38.7973
-9.26421 37.9903
-9.19732 37.1929
-9.13043 36.4051
-9.06355 35.6268
-8.99666 34.858
-8.92977 34.0986
-8.86288 33.3486
-8.79599 32.6079
-8.7291 31.8766
-8.66221 31.1544
-8.59532 30.4415
-8.52843 29.7376
-8.46154 29.0429
-8.39465 28.3573
-8.32776 27.6806
-8.26087 27.0129
-8.19398 26.3541
-8.12709 25.7041
-8.0602 25.063
-7.99331 24.4306
-7.92642 23.807
-7.85953 23.192
-7.79264 22.5856
-7.72575 21.9879
-7.65886 21.3986
-7.59197 20.8178
-7.52508 20.2455
-7.45819 19.6815
-7.3913 19.1259
-7.32441 18.5786
-7.25753 18.0395
-7.19064 17.5086
-7.12375 16.9859
-7.05686 16.4712
-6.98997 15.9647
-6.92308 15.4661
-6.85619 14.9755
-6.7893 14.4928
-6.72241 14.0179
-6.65552 13.5509
-6.58863 13.0916
-6.52174 12.6401
-6.45485 12.1963
-6.38796 11.76
-6.32107 11.3314
-6.25418 10.9103
-6.18729 10.4966
-6.1204 10.0904
-6.05351 9.69164
-5.98662 9.30018
-5.91973 8.91601
-5.85284 8.5391
-5.78595 8.16939
-5.71906 7.80683
-5.65217 7.45137
-5.58528 7.10298
-5.51839 6.76159
-5.45151 6.42717
-5.38462 6.09967
-5.31773 5.77904
-5.25084 5.46523
-5.18395 5.15819
-5.11706 4.85788
-5.05017 4.56425
-4.98328 4.27725
-4.91639 3.99684
-4.8495 3.72297
-4.78261 3.45558
-4.71572 3.19464
-4.64883 2.94009
-4.58194 2.6919
-4.51505 2.45
-4.44816 2.21435
-4.38127 1.98492
-4.31438 1.76164
-4.24749 1.54447
-4.1806 1.33336
-4.11371 1.12828
-4.04682 0.929158
-3.97993 0.73596
-3.91304 0.548637
-3.84615 0.367141
-3.77926 0.191425
-3.71237 0.0214403
-3.64548 -0.142859
-3.5786 -0.301522
-3.51171 -0.454594
-3.44482 -0.602124
-3.37793 -0.744159
-3.31104 -0.880746
-3.24415 -1.01193
-3.17726 -1.13777
-3.11037 -1.25829
-3.04348 -1.37356
-2.97659 -1.48362
-2.9097 -1.58852
-2.84281 -1.6883
-2.77592 -1.78301
-2.70903 -1.8727
-2.64214 -1.95741
-2.57525 -2.0372
-2.50836 -2.11211
-2.44147 -2.18219
-2.37458 -2.24748
-2.30769 -2.30804
-2.2408 -2.3639
-2.17391 -2.41513
-2.10702 -2.46176
-2.04013 -2.50384
-1.97324 -2.54142
-1.90635 -2.57455
-1.83946 -2.60327
-1.77258 -2.62764
-1.70569 -2.6477
-1.6388 -2.66349
-1.57191 -2.67506
-1.50502 -2.68247
-1.43813 -2.68576
-1.37124 -2.68497
-1.30435 -2.68016
-1.23746 -2.67137
-1.17057 -2.65864
-1.10368 -2.64204
-1.03679 -2.62159
-0.9699 -2.59736
-0.90301 -2.56939
-0.83612 -2.53772
-0.769231 -2.5024
-0.702341 -2.46348
-0.635452 -2.42101
-0.568562 -2.37504
-0.501672 -2.32561
-0.434783 -2.27277
-0.367893 -2.21656
-0.301003 -2.15704
-0.234114 -2.09425
-0.167224 -2.02824
-0.100334 -1.95906
-0.0334448 -1.88675
0.0334448 -1.81137
0.100334 -1.73295
0.167224 -1.65155
0.234114 -1.56721
0.301003 -1.47998
0.367893 -1.38991
0.434783 -1.29705
0.501672 -1.20144
0.568562 -1.10313
0.635452 -1.00217
0.702341 -0.898604
0.769231 -0.792481
0.83612 -0.683848
0.90301 -0.572753
0.9699 -0.459242
1.03679 -0.343363
1.10368 -0.225164
1.17057 -0.13252
1.23746 -0.0164429
1.30435 0.100745
1.37124 0.218906
1.43813 0.337899
1.50502 0.457586
1.57191 0.577827
1.6388 0.698483
1.70569 0.819415
1.77258 0.940484
1.83946 1.06155
1.90635 1.18247
1.97324 1.30312
2.04013 1.42334
2.10702 1.543
2.17391 1.66197
2.2408 1.77665
2.30769 1.89327
2.37458 2.00878
2.44147 2.12305
2.50836 2.23597
2.57525 2.34742
2.64214 2.45726
2.70903 2.56538
2.77592 2.67166
2.84281 2.77598
2.9097 2.87821
2.97659 2.97822
3.04348 3.07591
3.11037 3.17114
3.17726 3.26379
3.24415 3.35374
3.31104 3.44088
3.37793 3.54495
3.44482 3.63133
3.51171 3.71551
3.5786 3.79747
3.64548 3.87721
3.71237 3.95471
3.77926 4.02995
3.84615 4.10291
3.91304 4.17359
3.97993 4.24197
4.04682 4.30803
4.11371 4.37176
4.1806 4.43314
4.24749 4.49216
4.31438 4.5488
4.38127 4.60305
4.44816 4.6796
4.51505 4.73543
4.58194 4.78997
4.64883 4.84333
4.71572 4.8956
4.78261 4.94689
4.8495 4.99729
4.91639 5.04692
4.98328 5.09587
5.05017 5.14424
5.11706 5.19213
5.18395 5.23965
5.25084 5.28689
5.31773 5.33396
5.38462 5.38096
5.45151 5.42799
5.51839 5.47515
5.58528 5.53545
5.65217 5.58606
5.71906 5.6375
5.78595 5.68989
5.85284 5.74335
5.91973 5.79801
5.98662 5.85398
6.05351 5.91138
6.1204 5.97035
6.18729 6.03099
6.25418 6.09344
6.32107 6.1578
6.38796 6.22422
6.45485 6.2928
6.52174 6.36366
6.58863 6.43694
6.65552 6.51275
6.72241 6.57048
6.7893 6.646
6.85619 6.72327
6.92308 6.80229
6.98997 6.88304
7.05686 6.96551
7.12375 7.0497
7.19064 7.13558
7.25753 7.22315
7.32441 7.3124
7.3913 7.40332
7.45819 7.4959
7.52508 7.59012
7.59197 7.68598
7.65886 7.78346
7.72575 7.88255
7.79264 7.94187
7.85953 8.03344
7.92642 8.12467
7.99331 8.21535
8.0602 8.30528
8.12709 8.39426
8.19398 8.48207
8.26087 8.56853
8.32776 8.65341
8.39465 8.73653
8.46154 8.81767
8.52843 8.89663
8.59532 8.97321
8.66221 9.04721
8.7291 9.11841
8.79599 9.18662
8.86288 9.25163
8.92977 9.30193
8.99666 9.35876
9.06355 9.41209
9.13043 9.46183
9.19732 9.50791
9.26421 9.55024
9.3311 9.58873
9.39799 9.6233
9.46488 9.65386
9.53177 9.68033
9.59866 9.70261
9.66555 9.72064
9.73244 9.73431
9.79933 9.74355
9.86622 9.74826
9.93311 9.74837
10 9.74379
