0 1.22574
0.0334448 -8.62364
0.0668896 -16.7626
0.100334 -23.3829
0.133779 -28.6765
0.167224 -32.8353
0.200669 -36.0513
0.234114 -38.5162
0.267559 -40.4219
0.301003 -41.9604
0.334448 -43.3236
0.367893 -44.7033
0.401338 -46.2915
0.434783 -48.28
0.468227 -50.8607
0.501672 -54.2255
0.535117 -58.5663
0.568562 -64.075
0.602007 -70.9435
0.635452 -79.3636
0.668896 -89.5273
0.702341 -101.626
0.735786 -115.853
0.769231 -132.399
0.802676 -151.456
0.83612 -173.215
0.869565 -197.87
0.90301 -225.612
0.936455 -256.632
0.9699 -291.123
1.00334 -329.276
1.03679 -371.284
1.07023 -417.338
1.10368 -467.63
1.13712 14.7499
1.17057 16.0097
1.20401 17.1416
1.23746 18.1496
1.2709 19.0374
1.30435 19.809
1.33779 20.4683
1.37124 21.0192
1.40468 21.4657
1.43813 21.8115
1.47157 22.0607
1.50502 22.2171
1.53846 22.2846
1.57191 22.2671
1.60535 22.1686
1.6388 21.9929
1.67224 21.7439
1.70569 21.4256
1.73913 21.0419
1.77258 20.5966
1.80602 20.0936
1.83946 19.537
1.87291 18.9305
1.90635 18.278
1.9398 17.5835
1.97324 16.851
2.00669 16.0841
2.04013 15.287
2.07358 14.4635
2.10702 13.6175
2.14047 12.7528
2.17391 11.8735
2.20736 10.9833
2.2408 38.7036
2.27425 40.4738
2.30769 42.3777
2.34114 44.4186
2.37458 46.5999
2.40803 48.9248
2.44147 51.3967
2.47492 54.0191
2.50836 56.7951
2.54181 59.7281
2.57525 62.8216
2.6087 66.0787
2.64214 69.5029
2.67559 73.0975
2.70903 76.8658
2.74247 80.8112
2.77592 84.9369
2.80936 89.2465
2.84281 93.7431
2.87625 98.4301
2.9097 103.311
2.94314 108.389
2.97659 113.667
3.01003 119.149
3.04348 124.838
3.07692 130.738
3.11037 136.851
3.14381 143.182
3.17726 149.733
3.2107 156.508
3.24415 163.51
3.27759 170.742
3.31104 178.208
3.34448 167.845
3.37793 173.741
3.41137 179.726
3.44482 185.798
3.47826 191.956
3.51171 198.196
3.54515 204.516
3.5786 210.915
3.61204 217.39
3.64548 223.938
3.67893 230.558
3.71237 237.247
3.74582 244.002
3.77926 250.823
3.81271 257.706
3.84615 264.649
3.8796 271.649
3.91304 278.706
3.94649 285.815
3.97993 292.976
4.01338 300.186
4.04682 307.442
4.08027 314.743
4.11371 322.086
4.14716 329.468
4.1806 336.888
4.21405 344.344
4.24749 351.832
4.28094 359.351
4.31438 366.899
4.34783 374.473
4.38127 382.071
4.41472 389.691
4.44816 405.649
4.48161 414.389
4.51505 423.245
4.54849 432.222
4.58194 441.322
4.61538 450.548
4.64883 459.905
4.68227 469.395
4.71572 479.022
4.74916 488.79
4.78261 498.702
4.81605 508.76
4.8495 518.969
4.88294 529.332
4.91639 539.853
4.94983 550.534
4.98328 561.38
5.01672 572.392
5.05017 583.576
5.08361 594.935
5.11706 606.47
5.1505 618.188
5.18395 630.089
5.21739 642.179
5.25084 654.459
5.28428 666.935
5.31773 679.609
5.35117 692.484
5.38462 705.564
5.41806 718.852
5.45151 732.352
5.48495 746.067
5.51839 760.001
5.55184 774.157
5.58528 790.093
5.61873 804.755
5.65217 819.634
5.68562 834.732
5.71906 850.05
5.75251 865.588
5.78595 881.347
5.8194 897.329
5.85284 913.534
5.88629 929.964
5.91973 946.619
5.95318 963.5
5.98662 980.609
6.02007 997.946
6.05351 1015.51
6.08696 1033.31
6.1204 1051.34
6.15385 1069.6
6.18729 1088.09
6.22074 1106.82
6.25418 1125.78
6.28763 1144.98
6.32107 1164.42
6.35452 1184.09
6.38796 1204.01
6.4214 1224.16
6.45485 1244.56
6.48829 1265.2
6.52174 1286.08
6.55518 1307.2
6.58863 1328.57
6.62207 1350.19
6.65552 1372.05
6.68896 1383.77
6.72241 1404.94
6.75585 1426.26
6.7893 1447.74
6.82274 1469.37
6.85619 1491.16
6.88963 1513.09
6.92308 1535.17
6.95652 1557.4
6.98997 1579.78
7.02341 1602.29
7.05686 1624.94
7.0903 1647.73
7.12375 1670.66
7.15719 1693.72
7.19064 1716.9
7.22408 1740.22
7.25753 1763.66
7.29097 1787.23
7.32441 1810.91
7.35786 1834.72
7.3913 1858.65
7.42475 1882.69
7.45819 1906.84
7.49164 1931.1
7.52508 1955.47
7.55853 1979.95
7.59197 2004.54
7.62542 2029.22
7.65886 2054.01
7.69231 2078.89
7.72575 2103.87
7.7592 2128.94
7.79264 2170.11
7.82609 2197.58
7.85953 2225.37
7.89298 2253.48
7.92642 2281.94
7.95987 2310.75
7.99331 2339.93
8.02676 2369.48
8.0602 2399.44
8.09365 2429.79
8.12709 2460.57
8.16054 2491.78
8.19398 2523.43
8.22742 2555.54
8.26087 2588.12
8.29431 2621.18
8.32776 2654.74
8.3612 2688.81
8.39465 2723.39
8.42809 2758.51
8.46154 2794.18
8.49498 2830.41
8.52843 2867.2
8.56187 2904.59
8.59532 2942.57
8.62876 2981.16
8.66221 3020.37
8.69565 3060.22
8.7291 3100.72
8.76254 3141.88
8.79599 3183.72
8.82943 3226.24
8.86288 3269.46
8.89632 3323.9
8.92977 3368.91
8.96321 3414.52
8.99666 3460.71
9.0301 3507.47
9.06355 3554.78
9.09699 3602.61
9.13043 3650.97
9.16388 3699.82
9.19732 3749.16
9.23077 3798.97
9.26421 3849.23
9.29766 3899.93
9.3311 3951.04
9.36455 4002.57
9.39799 4054.48
9.43144 4106.76
9.46488 4159.4
9.49833 4212.38
9.53177 4265.69
9.56522 4319.3
9.59866 4373.2
9.63211 4427.39
9.66555 4481.83
9.699 4536.52
9.73244 4591.43
9.76589 4646.56
9.79933 4701.89
9.83278 4757.39
9.86622 4813.06
9.89967 4868.88
9.93311 4924.83
9.96656 4980.9
10 5037.07
