5 6991.33
5.00503 6958.1
5.01005 6929.38
5.01508 6904.98
5.0201 6884.72
5.02513 6868.4
5.03015 6855.84
5.03518 6846.84
5.0402 6841.23
5.04523 6838.8
5.05025 6839.37
5.05528 6842.75
5.0603 6848.75
5.06533 6857.19
5.07035 6867.86
5.07538 6880.59
5.0804 6895.18
5.08543 6911.45
5.09045 6929.2
5.09548 6948.25
5.1005 6968.4
5.10553 6989.47
5.11055 7011.27
5.11558 7079.81
5.1206 7110.99
5.12563 7143.43
5.13065 7177.03
5.13568 7211.68
5.1407 7247.28
5.14573 7283.72
5.15075 7320.89
5.15578 7358.69
5.1608 7397.02
5.16583 7435.76
5.17085 7474.8
5.17588 7514.06
5.1809 7553.41
5.18593 7592.75
5.19095 7631.97
5.19598 7670.98
5.20101 7709.65
5.20603 7747.9
5.21106 7785.6
5.21608 7822.66
5.22111 7858.96
5.22613 7931.3
5.23116 7972.56
5.23618 8013.64
5.24121 8054.48
5.24623 8095.05
5.25126 8135.31
5.25628 8175.21
5.26131 8214.73
5.26633 8253.81
5.27136 8292.42
5.27638 8330.52
5.28141 8368.07
5.28643 8405.02
5.29146 8441.34
5.29648 8476.98
5.30151 8511.91
5.30653 8546.09
5.31156 8579.47
5.31658 8612.01
5.32161 8643.69
5.32663 8674.44
5.33166 8704.24
5.33668 8759.38
5.34171 8791.97
5.34673 8824.11
5.35176 8855.79
5.35678 8887.02
5.36181 8917.81
5.36683 8948.17
5.37186 8978.1
5.37688 9007.6
5.38191 9036.68
5.38693 9065.35
5.39196 9093.61
5.39698 9121.46
5.40201 9148.91
5.40704 9175.97
5.41206 9202.65
5.41709 9228.94
5.42211 9254.85
5.42714 9280.39
5.43216 9305.56
5.43719 9330.37
5.44221 9354.82
5.44724 9393.58
5.45226 9419.97
5.45729 9446.35
5.46231 9472.73
5.46734 9499.16
5.47236 9525.65
5.47739 9552.24
5.48241 9578.94
5.48744 9605.8
5.49246 9632.84
5.49749 9660.08
5.50251 9687.55
5.50754 9715.28
5.51256 9743.3
5.51759 9771.64
5.52261 9800.31
5.52764 9829.35
5.53266 9858.8
5.53769 9888.66
5.54271 9918.98
5.54774 9949.77
5.55276 9981.08
5.55779 10014.9
5.56281 10047.5
5.56784 10080.7
5.57286 10114.6
5.57789 10149
5.58291 10184.2
5.58794 10220
5.59296 10256.5
5.59799 10293.7
5.60302 10331.7
5.60804 10370.5
5.61307 10410.1
5.61809 10450.5
5.62312 10491.7
5.62814 10533.8
5.63317 10576.8
5.63819 10620.8
5.64322 10665.6
5.64824 10711.4
5.65327 10758.2
5.65829 10806.1
5.66332 10854.9
5.66834 10893.2
5.67337 10941.9
5.67839 10991.2
5.68342 11041.4
5.68844 11092.2
5.69347 11143.8
5.69849 11196
5.70352 11249
5.70854 11302.6
5.71357 11357
5.71859 11412
5.72362 11467.6
5.72864 11523.9
5.73367 11580.9
5.73869 11638.5
5.74372 11696.7
5.74874 11755.5
5.75377 11814.9
5.75879 11874.9
5.76382 11935.5
5.76884 11996.6
5.77387 12058.3
5.77889 12094.7
5.78392 12152.4
5.78894 12209.9
5.79397 12267.1
5.79899 12323.9
5.80402 12380.3
5.80905 12436.2
5.81407 12491.6
5.8191 12546.2
5.82412 12600.2
5.82915 12653.3
5.83417 12705.6
5.8392 12756.9
5.84422 12807.2
5.84925 12856.3
5.85427 12904.3
5.8593 12951.1
5.86432 12996.5
5.86935 13040.5
5.87437 13083
5.8794 13124
5.88442 13163.4
5.88945 13160.3
5.89447 13188.1
5.8995 13213
5.90452 13234.7
5.90955 13253
5.91457 13267.9
5.9196 13279
5.92462 13286.3
5.92965 13289.6
5.93467 13288.6
5.9397 13283.2
5.94472 13273.3
5.94975 13258.7
5.95477 13239.1
5.9598 13214.5
5.96482 13184.6
5.96985 13149.3
5.97487 13108.4
5.9799 13061.7
5.98492 13009
5.98995 12950.3
5.99497 12885.2
6 12813.6
