5 -12.0965
5.03344 13.4983
5.06689 14.601
5.10033 15.65
5.13378 16.6482
5.16722 17.5987
5.20067 18.5048
5.23411 19.3695
5.26756 20.1959
5.301 20.9871
5.33445 21.7463
5.36789 22.4765
5.40134 23.181
5.43478 23.8628
5.46823 24.5249
5.50167 25.1706
5.53512 25.803
5.56856 26.4252
5.60201 27.0402
5.63545 27.6512
5.6689 28.2613
5.70234 28.8737
5.73579 29.4914
5.76923 30.1176
5.80268 30.7554
5.83612 31.4078
5.86957 32.0781
5.90301 32.7693
5.93645 33.4845
5.9699 34.2269
6.00334 34.9996
6.03679 35.8057
6.07023 36.6483
6.10368 37.5305
6.13712 38.4554
6.17057 39.4262
6.20401 40.446
6.23746 41.5179
6.2709 42.6449
6.30435 43.8303
6.33779 45.0771
6.37124 46.3885
6.40468 47.7676
6.43813 49.2174
6.47157 50.7411
6.50502 52.3419
6.53846 54.0227
6.57191 55.7868
6.60535 57.6373
6.6388 59.5773
6.67224 40.5604
6.70569 41.0161
6.73913 41.4764
6.77258 41.9413
6.80602 42.4108
6.83946 42.8851
6.87291 43.3642
6.90635 43.848
6.9398 44.3367
6.97324 44.8303
7.00669 45.3288
7.04013 45.8323
7.07358 46.3408
7.10702 46.8544
7.14047 47.3731
7.17391 47.8969
7.20736 48.426
7.2408 48.9603
7.27425 49.4998
7.30769 50.0447
7.34114 50.595
7.37458 51.1507
7.40803 51.7119
7.44147 52.2786
7.47492 52.8508
7.50836 53.4287
7.54181 54.0121
7.57525 54.6013
7.6087 55.1962
7.64214 55.7969
7.67559 56.4033
7.70903 57.0157
7.74247 57.6339
7.77592 58.2581
7.80936 58.8883
7.84281 59.5246
7.87625 60.1669
7.9097 60.8154
7.94314 61.47
7.97659 62.1308
8.01003 62.7979
8.04348 63.4713
8.07692 64.1511
8.11037 64.8373
8.14381 65.5298
8.17726 66.2289
8.2107 66.9345
8.24415 67.6467
8.27759 68.3655
8.31104 69.0909
8.34448 66.6415
8.37793 67.1731
8.41137 67.7037
8.44482 68.2333
8.47826 68.7619
8.51171 69.2896
8.54515 69.8164
8.5786 70.3422
8.61204 70.8671
8.64548 71.391
8.67893 71.9141
8.71237 72.4363
8.74582 72.9577
8.77926 73.4781
8.81271 73.9978
8.84615 74.5166
8.8796 75.0345
8.91304 75.5517
8.94649 76.068
8.97993 76.5836
9.01338 77.0984
9.04682 77.6125
9.08027 78.1258
9.11371 78.6383
9.14716 79.1502
9.1806 79.6613
9.21405 80.1717
9.24749 80.6815
9.28094 81.1905
9.31438 81.6989
9.34783 82.2067
9.38127 82.7138
9.41472 83.2203
9.44816 83.7262
9.48161 84.2314
9.51505 84.7361
9.54849 85.2403
9.58194 85.7438
9.61538 86.2468
9.64883 86.7493
9.68227 87.2512
9.71572 87.7526
9.74916 88.2536
9.78261 88.754
9.81605 89.2539
9.8495 89.7534
9.88294 90.2525
9.91639 90.7511
9.94983 91.2492
9.98328 91.747
10.0167 94.0398
10.0502 94.6632
10.0836 95.2917
10.1171 95.9253
10.1505 96.5641
10.1839 97.2083
10.2174 97.8578
10.2508 98.5127
10.2843 99.1731
10.3177 99.8391
10.3512 100.511
10.3846 101.188
10.4181 101.871
10.4515 102.56
10.4849 103.255
10.5184 103.956
10.5518 104.663
10.5853 105.376
10.6187 106.095
10.6522 106.821
10.6856 107.553
10.7191 108.291
10.7525 109.036
10.786 109.788
10.8194 110.546
10.8528 111.31
10.8863 112.082
10.9197 112.86
10.9532 113.646
10.9866 114.438
11.0201 115.237
11.0535 116.044
11.087 116.857
11.1204 117.678
11.1538 118.506
11.1873 119.342
11.2207 120.185
11.2542 121.035
11.2876 121.894
11.3211 122.76
11.3545 123.633
11.388 124.515
11.4214 125.404
11.4548 126.301
11.4883 127.207
11.5217 128.12
11.5552 129.042
11.5886 129.972
11.6221 130.91
11.6555 131.857
11.689 130.591
11.7224 131.383
11.7559 132.174
11.7893 132.964
11.8227 133.754
11.8562 134.543
11.8896 135.331
11.9231 136.118
11.9565 136.904
11.99 137.689
12.0234 138.472
12.0569 139.253
12.0903 140.032
12.1237 140.81
12.1572 141.585
12.1906 142.358
12.2241 143.129
12.2575 143.897
12.291 144.663
12.3244 145.426
12.3579 146.186
12.3913 146.943
12.4247 147.696
12.4582 148.447
12.4916 149.193
12.5251 149.936
12.5585 150.676
12.592 151.411
12.6254 152.142
12.6589 152.869
12.6923 153.592
12.7258 154.31
12.7592 155.024
12.7926 155.733
12.8261 156.436
12.8595 157.135
12.893 157.829
12.9264 158.517
12.9599 159.2
12.9933 159.877
13.0268 160.548
13.0602 161.213
13.0936 161.873
13.1271 162.526
13.1605 163.172
13.194 163.813
13.2274 164.446
13.2609 165.073
13.2943 165.693
13.3278 166.306
13.3612 170.551
13.3946 171.461
13.4281 172.381
13.4615 173.314
13.495 174.259
13.5284 175.217
13.5619 176.188
13.5953 177.173
13.6288 178.172
13.6622 179.186
13.6957 180.215
13.7291 181.26
13.7625 182.32
13.796 183.398
13.8294 184.492
13.8629 185.604
13.8963 186.733
13.9298 187.882
13.9632 189.049
13.9967 190.235
14.0301 191.441
14.0635 192.668
14.097 193.915
14.1304 195.184
14.1639 196.474
14.1973 197.787
14.2308 199.122
14.2642 200.481
14.2977 201.862
14.3311 203.268
14.3645 204.699
14.398 206.154
14.4314 207.635
14.4649 209.142
14.4983 210.676
14.5318 212.236
14.5652 213.824
14.5987 215.439
14.6321 217.083
14.6656 218.755
14.699 220.457
14.7324 222.188
14.7659 223.949
14.7993 225.742
14.8328 227.565
14.8662 229.42
14.8997 231.306
14.9331 233.226
14.9666 235.178
15 237.164
